1:
2.747215379953089
3.147299796712135
2.8398491242864945
1.7224476376761695
2.735671440521291
2.5317761270702865
3.047499397510538
2.736919192732381
2.4030549530660936
2.9160708260819668
3.4691444191555596
2.845949009913639
2.4619138119249526
2.438803745336625
3.6535600035711444
2.4919438419549826
2.849349995569667
1.9262872762984173
2.303909653920795
2.253848603859744
3.359999397510538
1.3808327308438715
2.9103642990719774
10:
3.5403121415457224
3.795047537728487
1000:
3.248942943914635
3.558286378258069
3.846165166136857
1.8461651661368572
2.71877663110501
3.0894084093801006
3.221165166136857
2.5587635913337072
3.5001031136308907
3.9878974496014243
3.2040599029789623
2.956866273147927
3.2495817232984865
2.161954639821068
2.571165166136857
3.450816328927555
3.4855094284319392
3.45810546464432
3.2962868206380738
2.846165166136857
3.112831832803524
2.5719716177497602
4.110871048489798
3.4387577587294498
2.4323720626885814
3.398059729563546
2.8740721428810434
10000:
2.8218001110572977
2.967934504120881
10001:
3.03491155743155
2.137966124454088
2.720080029152368
3.733985631505624
2.112292509812502
3.008059705579698
2.9891296644274346
2.4515782240982165
2.500491267576477
2.899393758078799
2.3098558160714604
2.2949992767297958
3.5265782240982166
2.258085073413285
2.8212101259387072
2.970901069515453
2.058285541171387
10002:
2.181352335693655
3.146969769107699
1.734603031367827
2.4521219939320553
10003:
4.049085972826479
10004:
1.3750806819792811
2.350043863128029
2.1300613916118154
2.5454724345566007
1.7656935400842388
2.124086813641568
1.9978083124191959
2.143694656778823
2.1614724345566008
2.225820260643557
2.06188339346071
2.5045113038145512
2.1614724345566008
2.576234339318505
2.0325835456677117
2.1152708841690036
2.0152224345566006
2.0214724345566006
1.8309063968207515
2.4238272226256745
2.1941997072838735
2.427354787497777
2.383566297372485
2.306087819171985
1.135758148842315
2.6251761382603043
2.2851087981929643
2.088139101223267
2.9714724345566004
1.6392143700404715
1.8973760490144316
10005:
2.9175428578045977
2.4552928028716154
3.2322447548235678
3.5730477426853793
3.467440115018928
10006:
2.7179930633446654
3.2929009067743813
2.529542359119313
3.8034298896816607
10007:
4.384338279915163
3.779285088425801
4.20617623233724
4.197166254345084
4.425118421759135
3.938241781339187
4.311785088425801
3.591785088425801
4.00087599751671
3.6857448199694254
4.201785088425801
3.8973406439813565
4.125798693867978
10008:
1.7779947400716942
3.2411283806246893
2.9744233115002654
